A=[123;334;233]; 
b = [1; 1; 2]; 
x = A\b